625.717000 
584.879000 
728.545000 
631.243000 
581.986000 
29.180000 
22.363000 
23.230000 
53.410000 
37.086000 
20.333000 
21.743000 
19.859000 
22.134000 
16.914000 
15.824000 
15.415000 
14.399000 
16.001000 
14.040000 
15.291000 
14.425000 
14.757000 
20.115000 
16.505000 
14.735000 
21.740000 
14.180000 
13.157000 
14.932000 
15.112000 
14.804000 
20.684000 
15.969000 
15.291000 
14.725000 
14.224000 
14.359000 
18.408000 
14.751000 
23.868000 
13.311000 
12.781000 
13.288000 
20.954000 
15.293000 
15.100000 
15.221000 
14.820000 
15.156000 
14.753000 
15.301000 
15.216000 
13.781000 
15.073000 
14.143000 
13.904000 
33.486000 
15.196000 
25.854000 
14.419000 
13.605000 
14.895000 
13.853000 
13.703000 
15.708000 
14.764000 
14.013000 
15.025000 
13.651000 
14.129000 
13.327000 
14.816000 
13.455000 
17.598000 
15.515000 
14.752000 
13.857000 
13.750000 
33.922000 
16.362000 
15.195000 
14.390000 
15.469000 
13.817000 
14.988000 
14.299000 
14.673000 
18.379000 
18.602000 
14.167000 
13.030000 
13.183000 
13.206000 
14.160000 
13.177000 
13.053000 
12.986000 
13.119000 
15.797000 
17.241000 
12.923000 
12.807000 
12.686000 
14.348000 
13.102000 
12.933000 
15.015000 
14.683000 
12.763000 
12.833000 
12.804000 
15.465000 
15.086000 
14.569000 
15.106000 
14.947000 
12.675000 
14.891000 
16.341000 
15.134000 
15.178000 
13.998000 
14.291000 
14.339000 
14.281000 
14.669000 
14.029000 
15.254000 
12.814000 
14.033000 
13.516000 
20.593000 
16.608000 
14.218000 
12.700000 
12.901000 
14.096000 
15.031000 
15.091000 
14.432000 
37.101000 
17.887000 
15.469000 
15.777000 
13.828000 
14.349000 
22.152000 
13.056000 
14.057000 
12.706000 
12.853000 
14.597000 
17.029000 
13.134000 
14.593000 
12.902000 
14.359000 
26.512000 
14.277000 
13.361000 
29.034000 
15.628000 
13.258000 
14.301000 
13.402000 
13.494000 
13.000000 
13.240000 
12.573000 
14.083000 
13.660000 
12.928000 
12.725000 
12.642000 
12.733000 
16.244000 
12.776000 
14.207000 
20.694000 
31.759000 
36.687000 
34.597000 
39.466000 
40.747000 
37.701000 
39.125000 
32.200000 
40.296000 
37.235000 
29.975000 
33.795000 
22.496000 
24.110000 
16.336000 
13.317000 
15.042000 
12.656000 
62.019000 
18.599000 
17.294000 
17.784000 
15.883000 
15.312000 
15.339000 
15.115000 
15.532000 
16.194000 
15.828000 
14.985000 
14.944000 
14.150000 
14.461000 
14.562000 
14.928000 
15.207000 
22.323000 
15.439000 
15.732000 
14.203000 
14.183000 
14.316000 
13.986000 
14.264000 
15.081000 
14.164000 
14.261000 
14.348000 
14.663000 
15.451000 
14.877000 
22.819000 
14.411000 
14.509000 
14.606000 
13.565000 
13.104000 
15.281000 
14.547000 
31.442000 
15.766000 
33.437000 
17.070000 
28.738000 
32.681000 
29.478000 
32.126000 
31.437000 
20.784000 
32.141000 
28.985000 
32.441000 
30.463000 
33.487000 
33.338000 
31.115000 
28.601000 
28.926000 
30.720000 
33.325000 
37.918000 
31.395000 
32.616000 
20.945000 
19.486000 
28.378000 
14.915000 
13.192000 
14.334000 
14.414000 
13.860000 
13.940000 
16.031000 
15.550000 
14.237000 
14.554000 
13.428000 
13.876000 
13.233000 
12.658000 
15.149000 
13.328000 
14.241000 
12.877000 
13.842000 
13.542000 
15.866000 
14.226000 
14.081000 
12.747000 
14.332000 
13.694000 
13.667000 
13.393000 
14.165000 
14.150000 
13.971000 
13.259000 
13.971000 
12.937000 
13.734000 
12.850000 
16.054000 
18.661000 
35.236000 
21.306000 
35.449000 
34.160000 
34.760000 
30.225000 
29.199000 
35.358000 
32.152000 
29.557000 
29.342000 
31.478000 
31.122000 
16.378000 
14.332000 
12.656000 
14.305000 
13.814000 
14.199000 
13.043000 
29.532000 
15.645000 
13.845000 
14.506000 
14.357000 
30.332000 
15.877000 
14.237000 
14.451000 
14.783000 
14.241000 
14.031000 
13.959000 
13.475000 
14.003000 
13.910000 
13.080000 
14.236000 
14.174000 
13.752000 
15.457000 
14.747000 
18.325000 
17.145000 
14.527000 
12.947000 
15.306000 
15.641000 
13.868000 
14.886000 
14.893000 
14.030000 
16.147000 
14.365000 
14.219000 
13.649000 
14.061000 
13.743000 
14.122000 
14.950000 
15.374000 
14.584000 
13.982000 
31.421000 
15.245000 
14.191000 
14.344000 
13.724000 
16.421000 
14.347000 
14.417000 
14.234000 
13.718000 
14.397000 
13.875000 
14.082000 
14.151000 
13.668000 
13.291000 
14.175000 
13.646000 
14.253000 
16.250000 
21.348000 
17.922000 
13.105000 
13.084000 
13.016000 
13.739000 
12.888000 
12.930000 
18.498000 
14.433000 
12.566000 
14.078000 
14.309000 
13.978000 
15.141000 
14.613000 
14.722000 
13.989000 
31.824000 
16.238000 
14.345000 
13.594000 
14.273000 
13.133000 
14.303000 
14.409000 
14.483000 
14.343000 
14.557000 
14.456000 
14.099000 
14.045000 
13.377000 
13.449000 
13.684000 
13.824000 
14.688000 
13.477000 
13.069000 
33.595000 
30.309000 
35.983000 
31.800000 
36.223000 
31.104000 
31.878000 
30.486000 
26.797000 
34.806000 
34.155000 
28.550000 
30.884000 
27.089000 
32.154000 
25.120000 
13.525000 
13.654000 
13.793000 
13.900000 
14.036000 
14.512000 
13.779000 
29.457000 
26.559000 
15.025000 
13.831000 
14.359000 
13.932000 
14.613000 
13.868000 
14.032000 
20.816000 
16.912000 
13.342000 
14.121000 
13.181000 
13.926000 
13.421000 
13.694000 
14.702000 
22.217000 
13.827000 
13.572000 
13.436000 
20.634000 
15.008000 
13.479000 
14.194000 
13.622000 
13.189000 
13.100000 
14.074000 
13.663000 
13.696000 
13.455000 
13.057000 
13.368000 
13.244000 
13.879000 
13.207000 
16.560000 
23.242000 
13.354000 
13.722000 
13.989000 
18.692000 
15.251000 
13.228000 
13.397000 
13.569000 
14.433000 
13.100000 
13.122000 
15.895000 
13.115000 
13.130000 
13.183000 
22.315000 
19.947000 
20.944000 
20.502000 
19.526000 
21.717000 
20.682000 
43.555000 
28.983000 
40.901000 
19.088000 
34.314000 
34.946000 
19.844000 
31.572000 
20.517000 
38.285000 
19.988000 
34.503000 
34.832000 
19.900000 
18.584000 
16.620000 
17.024000 
15.085000 
13.432000 
16.078000 
14.430000 
13.977000 
13.373000 
19.047000 
15.138000 
13.080000 
18.086000 
14.195000 
14.301000 
14.253000 
14.059000 
13.849000 
13.668000 
14.036000 
13.868000 
13.907000 
13.201000 
13.986000 
14.097000 
12.926000 
12.794000 
14.701000 
14.237000 
13.728000 
13.867000 
19.921000 
20.070000 
36.468000 
20.654000 
37.471000 
20.650000 
37.849000 
29.786000 
21.943000 
22.424000 
20.978000 
18.933000 
20.926000 
35.316000 
14.660000 
15.455000 
14.075000 
13.939000 
13.889000 
14.070000 
13.809000 
17.273000 
19.394000 
15.414000 
18.313000 
14.563000 
13.899000 
14.050000 
14.333000 
19.751000 
15.643000 
13.884000 
13.422000 
14.253000 
13.891000 
12.987000 
13.869000 
14.786000 
14.313000 
13.676000 
13.097000 
13.949000 
12.831000 
13.631000 
15.134000 
17.979000 
14.151000 
13.613000 
13.046000 
14.189000 
14.157000 
13.669000 
13.354000 
13.432000 
13.476000 
12.990000 
14.376000 
13.861000 
14.225000 
24.597000 
13.718000 
13.398000 
14.003000 
14.000000 
14.478000 
18.174000 
14.490000 
14.057000 
16.011000 
13.813000 
13.193000 
13.530000 
13.362000 
14.255000 
14.191000 
14.097000 
14.330000 
19.657000 
15.699000 
15.267000 
14.347000 
13.899000 
15.001000 
13.777000 
13.741000 
14.488000 
13.390000 
13.281000 
13.369000 
14.146000 
14.065000 
16.017000 
14.081000 
13.960000 
13.947000 
13.235000 
13.837000 
13.001000 
13.260000 
19.446000 
15.128000 
13.833000 
13.834000 
13.943000 
15.021000 
14.079000 
13.983000 
13.859000 
13.634000 
17.872000 
15.388000 
14.060000 
13.814000 
13.808000 
18.026000 
13.700000 
13.651000 
13.913000 
13.717000 
13.994000 
13.534000 
13.799000 
13.338000 
13.750000 
13.339000 
13.862000 
23.125000 
13.113000 
14.093000 
13.941000 
14.417000 
13.543000 
13.823000 
18.789000 
19.576000 
39.832000 
34.915000 
33.776000 
32.123000 
37.412000 
18.674000 
38.444000 
34.740000 
33.986000 
19.437000 
19.655000 
20.469000 
26.929000 
14.520000 
14.996000 
24.863000 
16.169000 
14.962000 
15.986000 
13.811000 
13.907000 
20.966000 
13.805000 
13.345000 
14.396000 
14.415000 
14.089000 
14.206000 
15.561000 
14.146000 
13.999000 
14.192000 
14.492000 
13.314000 
23.941000 
13.928000 
13.388000 
14.246000 
13.707000 
15.026000 
14.287000 
14.259000 
14.028000 
14.997000 
13.359000 
13.281000 
13.265000 
15.321000 
13.853000 
14.029000 
13.978000 
13.508000 
13.719000 
14.286000 
14.959000 
14.682000 
14.043000 
13.096000 
14.265000 
13.366000 
13.473000 
13.132000 
14.115000 
14.120000 
13.897000 
13.286000 
14.029000 
16.396000 
14.280000 
14.114000 
13.799000 
13.966000 
13.837000 
13.197000 
14.143000 
13.749000 
13.775000 
14.186000 
14.052000 
13.758000 
13.954000 
14.225000 
13.808000 
13.893000 
14.066000 
13.845000 
13.780000 
13.742000 
19.238000 
13.740000 
13.432000 
13.646000 
13.816000 
14.050000 
13.460000 
13.876000 
13.951000 
13.520000 
14.136000 
14.370000 
14.279000 
13.942000 
13.806000 
13.936000 
13.923000 
14.089000 
13.930000 
13.861000 
14.031000 
13.889000 
14.323000 
13.441000 
14.036000 
14.279000 
14.092000 
13.643000 
14.128000 
13.884000 
13.105000 
12.961000 
12.976000 
14.007000 
13.641000 
13.200000 
13.705000 
13.598000 
13.804000 
13.906000 
13.828000 
13.936000 
13.759000 
13.967000 
13.859000 
20.462000 
13.388000 
13.305000 
13.531000 
13.808000 
13.898000 
13.775000 
13.425000 
13.736000 
13.515000 
13.424000 
14.061000 
13.891000 
13.962000 
13.924000 
14.119000 
13.977000 
13.829000 
13.508000 
13.800000 
13.444000 
13.117000 
14.112000 
14.631000 
14.150000 
13.742000 
14.067000 
13.773000 
13.590000 
13.071000 
12.941000 
13.776000 
13.721000 
12.914000 
13.861000 
14.178000 
14.081000 
13.787000 
13.223000 
14.323000 
13.803000 
13.905000 
14.009000 
14.037000 
13.401000 
19.904000 
13.856000 
13.952000 
13.865000 
13.903000 
14.220000 
13.857000 
12.986000 
14.012000 
13.765000 
13.117000 
13.959000 
13.730000 
13.779000 
13.821000 
13.799000 
13.745000 
13.676000 
14.041000 
13.793000 
13.901000 
13.859000 
13.808000 
14.351000 
13.851000 
13.128000 
14.087000 
13.709000 
13.929000 
12.926000 
13.492000 
14.189000 
13.894000 
14.477000 
14.090000 
14.339000 
14.009000 
13.950000 
13.584000 
13.914000 
13.999000 
14.016000 
14.021000 
14.011000 
14.153000 
22.556000 
14.371000 
14.078000 
13.385000 
13.412000 
13.448000 
14.178000 
13.133000 
14.001000 
13.769000 
13.862000 
13.822000 
14.108000 
13.994000 
13.962000 
13.111000 
13.909000 
14.059000 
13.625000 
13.928000 
14.201000 
13.061000 
14.331000 
14.231000 
14.081000 
13.841000 
14.145000 
14.050000 
13.724000 
13.554000 
13.609000 
13.609000 
13.763000 
13.692000 
13.066000 
14.333000 
13.677000 
14.268000 
13.184000 
13.430000 
13.392000 
13.827000 
13.514000 
22.788000 
14.565000 
13.687000 
13.419000 
13.693000 
12.900000 
12.960000 
13.694000 
13.781000 
13.930000 
13.894000 
14.089000 
12.981000 
13.507000 
13.862000 
13.292000 
13.043000 
14.909000 
13.820000 
14.064000 
13.939000 
13.738000 
14.082000 
79.495000 
17.446000 
60.097000 
17.860000 
16.622000 
14.961000 
14.762000 
14.664000 
14.491000 
14.273000 
14.761000 
14.345000 
14.093000 
14.489000 
14.723000 
14.543000 
15.047000 
14.303000 
14.409000 
14.288000 
