79.243000
25.618000
21.731000
20.814000
20.302000
20.884000
20.835000
26.204000
27.907000
19.462000
21.181000
20.152000
20.864000
20.054000
20.820000
23.765000
24.016000
19.808000
21.440000
19.573000
20.840000
19.517000
20.797000
19.233000
20.718000
19.319000
20.967000
19.526000
20.698000
19.600000
20.677000
19.300000
20.826000
20.328000
21.221000
22.390000
20.640000
23.557000
20.806000
19.598000
20.681000
19.496000
20.765000
25.664000
23.296000
24.913000
20.892000
25.594000
20.845000
23.964000
21.046000
25.845000
20.868000
23.992000
20.981000
24.165000
20.849000
24.079000
22.148000
24.225000
20.942000
23.820000
20.909000
27.700000
21.043000
23.995000
20.942000
24.242000
35.942000
27.755000
25.168000
23.364000
26.413000
23.870000
25.200000
23.734000
25.416000
24.207000
25.260000
41.620000
25.572000
24.155000
25.130000
23.501000
26.128000
24.573000
25.983000
24.964000
26.713000
23.849000
25.332000
23.344000
25.399000
23.195000
25.493000
24.102000
25.460000
23.039000
25.076000
23.362000
25.447000
24.092000
25.450000
24.270000
27.033000
24.531000
25.704000
23.734000
25.817000
24.091000
25.997000
38.083000
25.894000
23.825000
25.574000
23.998000
26.071000
24.577000
25.870000
24.632000
25.086000
23.929000
25.842000
24.871000
25.929000
24.605000
26.069000
24.532000
25.882000
24.745000
25.988000
24.067000
25.720000
24.513000
25.784000
23.904000
25.835000
22.897000
26.061000
45.355000
26.686000
24.490000
25.801000
25.167000
30.148000
23.904000
25.862000
23.794000
25.632000
24.471000
30.186000
23.821000
25.891000
26.155000
25.742000
24.085000
25.943000
23.800000
26.840000
24.025000
30.329000
24.804000
25.499000
23.862000
25.995000
24.136000
25.930000
28.981000
25.946000
25.436000
26.595000
24.661000
26.133000
24.603000
25.913000
25.536000
25.875000
23.732000
25.939000
24.404000
25.870000
24.412000
25.847000
24.595000
25.753000
24.238000
26.073000
24.567000
25.651000
24.600000
25.736000
24.166000
25.866000
25.387000
25.983000
23.672000
25.894000
23.305000
25.907000
24.498000
25.693000
27.701000
25.772000
24.091000
25.937000
25.408000
25.851000
24.352000
25.521000
24.726000
25.978000
23.568000
25.985000
24.678000
25.795000
23.863000
26.017000
23.812000
25.988000
23.678000
26.080000
24.902000
25.798000
23.858000
26.218000
24.876000
26.433000
24.624000
25.995000
23.541000
25.871000
23.097000
25.910000
23.363000
26.539000
23.920000
25.780000
24.052000
25.852000
23.604000
45.336000
24.367000
25.770000
24.395000
27.688000
26.080000
26.034000
23.379000
26.358000
24.654000
26.091000
23.739000
26.549000
23.670000
25.955000
35.672000
26.536000
30.794000
25.546000
23.456000
25.815000
23.624000
25.908000
23.511000
25.957000
23.224000
25.870000
29.882000
26.206000
23.123000
25.868000
32.821000
25.975000
24.037000
25.777000
39.476000
26.173000
23.415000
25.792000
23.693000
23.770000
26.153000
25.621000
25.753000
25.775000
23.635000
26.016000
23.836000
32.127000
25.637000
25.684000
24.190000
23.857000
25.811000
29.967000
24.125000
23.710000
25.700000
23.017000
26.222000
26.044000
22.461000
28.360000
23.922000
25.781000
25.820000
23.249000
25.571000
24.089000
26.096000
23.375000
25.782000
23.300000
33.199000
25.841000
23.702000
26.238000
23.909000
25.954000
28.124000
39.162000
25.113000
23.732000
26.022000
25.559000
23.793000
26.051000
23.998000
26.140000
23.482000
25.974000
23.646000
23.077000
25.902000
25.908000
23.395000
23.471000
25.880000
25.899000
29.502000
24.559000
25.825000
25.703000
25.897000
25.926000
23.108000
25.901000
23.532000
25.819000
23.303000
23.041000
25.905000
25.701000
24.269000
24.317000
26.262000
25.823000
24.402000
24.333000
25.796000
23.501000
25.537000
25.811000
23.935000
23.848000
25.965000
23.829000
26.855000
23.175000
25.816000
23.043000
25.729000
22.865000
25.649000
23.738000
27.670000
25.057000
25.762000
25.404000
24.343000
24.057000
26.001000
23.734000
26.028000
23.001000
26.661000
23.364000
26.149000
23.841000
25.915000
25.745000
25.833000
24.542000
25.592000
23.976000
25.665000
23.833000
25.799000
26.729000
26.595000
25.543000
25.999000
25.034000
25.526000
24.411000
25.986000
24.565000
25.892000
24.522000
25.710000
27.686000
25.904000
24.503000
28.418000
24.994000
24.513000
27.562000
26.181000
23.513000
26.439000
23.532000
27.766000
24.478000
25.714000
24.344000
25.652000
24.092000
25.259000
23.451000
25.468000
24.087000
26.906000
23.741000
43.319000
28.760000
25.711000
24.277000
25.170000
24.561000
25.232000
24.641000
22.438000
24.661000
30.203000
25.410000
26.639000
24.317000
23.237000
25.969000
32.945000
24.006000
8.758000
25.785000
11.535000
23.497000
19.040000
25.214000
20.238000
27.674000
18.254000
22.914000
19.920000
23.690000
21.517000
24.432000
25.861000
23.198000
23.842000
23.793000
37.683000
24.000000
25.461000
23.263000
25.028000
24.157000
23.206000
25.246000
30.453000
26.501000
22.780000
25.379000
22.137000
27.093000
30.206000
36.782000
25.841000
24.054000
25.434000
23.662000
25.124000
41.641000
25.487000
24.822000
25.306000
28.681000
25.790000
23.115000
25.174000
24.008000
25.390000
23.516000
25.340000
24.052000
25.215000
25.203000
25.512000
23.618000
25.128000
23.390000
25.113000
24.682000
25.103000
28.574000
25.262000
24.032000
25.077000
25.181000
25.436000
23.267000
25.356000
23.203000
25.234000
31.224000
26.442000
22.955000
25.652000
42.157000
24.856000
23.227000
25.175000
23.781000
25.211000
23.083000
25.419000
24.043000
25.381000
22.833000
25.772000
23.865000
